 
Earth: 
-149599340408.7121  402605876.1491496
-149597356059.44592  807634153.6228634
-149594047593.1099  1212646848.2785773
-149581718650.8605  2120888601.6938097
-149560555052.36575  3029343998.3157554
-149538733887.53964  3601243270.184607
-149509260953.35156  4172849866.6570415
-149472701484.17557  4738161008.6188345
-149428966442.03906  5303087941.2576685
-149378137494.90973  5867597320.932033
-149320288911.78946  6431659519.367316
-149255492887.8691  6995245445.501517
-149183819577.09763  7558326656.647014
-149092327126.1544  8209648605.428011
-148991807165.20566  8860216727.30906
-148882342485.06317  9510006046.017567
-148763991021.48154  10159000351.673092
-148636793455.55676  10807181975.448498
-148500785285.51306  11454531892.169449
-148355999184.37402  12101031658.057928
-148202466006.38223  12746662241.490849
-148040215453.2025  13391403686.0594
-147869277595.5424  14035236425.989609
-147689682542.87988  14678141242.018515
-147501434746.53262  15320095100.011864
-147304517951.98257  15961073547.967531
-147098958853.90875  16601066710.342327
-146884775211.74304  17240081055.99792
-146661963971.72302  17878142535.3636
-146430513960.37836  18515275723.24477
-146190385366.90787  19151496618.41005
-145941563469.3707  19786827542.814598
-145684044335.0738  20421292635.090813
-145430118430.6986  21026131759.97323
-145168280826.78577  21630217647.95091
-144898430409.24945  22233538323.417133
-144620432008.66635  22836070123.951828
-144334325429.85025  23437802156.750008
-144040150926.8142  24038723106.605774
-143737948099.987  24638820972.27887
-143427756005.1428  25238083164.687737
-143109577998.15594  25836485548.53301
-142782406358.9671  26433688023.143032
-142445802040.9841  27029537558.55898
-141897900042.4761  27963139899.78544
-141326978790.76392  28893401447.712296
-140751523509.66537  29792278813.429096
-140154702364.65884  30688002063.48915
-139536605707.2023  31580549786.100796
-138795378082.71716  32608506971.177635
-138025483069.86575  33631962266.015408
-137248744450.41278  34623196519.89091
-136443017083.12268  35609352717.34186
-135605769215.96124  36589594711.30997
-134761698029.59793  37536460885.59567
-133888184481.33014  38476950660.50531
-133011222379.22824  39384142398.09554
-132106389553.19797  40284720789.24679
-131173930578.18082  41178424545.68716
-130242677015.31465  42039019257.802475
-129285743468.29732  42892644258.807556
-128333385133.04198  43713514403.60053
-127357124590.1712  44527381170.93441
-126357110929.27806  45334026360.52951
-125365803493.49605  46108371668.6086
-124352415674.83504  46875552273.142265
-123317040832.13414  47635387139.19099
 
Asteroid: 
-149436108041.76688  151233419063.25818
-149394914337.16412  151634796022.696
-149353262005.6096  152035715130.90527
-149257432925.46637  152939775524.7581
-149158056492.6782  153843629172.99905
-149092301199.4642  154410606340.99548
-149024199470.50226  154971882754.68515
-148954221045.2579  155524651998.22092
-148877852213.97968  156103727145.42416
-148798742219.9328  156679977476.6582
-148716924645.9483  157253434345.44745
-148632432657.32465  157824128397.3664
-148532003042.12262  158477049779.87357
-148428128550.48093  159126400931.93365
-148316112898.4985  159800221517.6976
-148200430493.35806  160470230263.502
-148081111602.26074  161136449976.86514
-147958185363.08646  161798900266.32022
-147831679849.48767  162457599741.60495
-147701622603.60364  163112566475.5981
-147568041148.42337  163763818466.0941
-147430962070.3813  164411373799.90628
-147290410911.68936  165055250481.17307
-147146403059.4075  165695453242.4803
-146992734638.7587  166358431526.04095
-146835346873.2752  167017445388.6543
-146674235869.6984  167672497482.3396
-146509389328.65143  168323582928.733
-146340784096.57587  168970683952.90128
-146168403413.2794  169613790799.32663
-145992236186.62134  170252901189.63177
-145812273219.1791  170888015943.43225
-145628490227.1752  171519125205.44217
-145433157615.9158  172171121638.3022
-145233540032.17148  172818681815.09134
-145029660880.66592  173461834668.7475
-144821543689.7322  174100609022.6974
-144609211273.517  174735032569.33588
-144392401796.293  175364728800.28912
-144032280105.20477  176371335464.8876
-143650994446.57825  177388465253.1809
-143257051637.45895  178392124944.57596
-142850533724.22528  179382438427.73633
-142352196703.26703  180539796461.26965
-141826116288.47256  181700632946.0439
-141281948851.18906  182841784691.2485
-140708206445.5099  183983245928.85
-140115539662.49933  185102978961.87872
-139503810167.42557  186200929427.85767
-138861080152.51672  187297349919.19925
-138199078275.94092  188371625052.56882
-137505312802.4328  189443277975.22968
-136792184621.73526  190492470032.33127
-136060024197.6463  191519465993.1465
 
Moon: 
-149236537025.39392  404857300.9255494
-149235467752.95367  809119307.1849174
-149233687543.72894  1213325812.4265265
-149226989958.64484  2123248831.7839708
-149215037129.7599  3032784817.602128
-149197662447.9387  3722998757.8661623
-149176649003.36017  4289259572.3996706
-149148667650.80237  4873208818.212337
-149114450588.91843  5456275121.721568
-149074050261.7516  6038372230.315806
-149027508031.96753  6619420615.260088
-148974860656.99088  7199343862.520882
-148916140552.73297  7778068895.356749
-148840599238.3603  8446583443.774565
-148756990969.23102  9113297924.701206
-148665331694.81894  9778131580.577837
-148565609693.8957  10441018406.13825
-148457793402.006  11101896207.471848
-148341844062.03027  11760706419.241066
-148217718758.1923  12417396118.855732
-148085371704.67133  13071916833.009655
-147944755200.73773  13724224031.155306
-147795821368.68817  14374278323.401669
-147638522136.0593  15022045376.966164
-147472786401.60602  15667492065.47301
-147298517711.99158  16310587244.77542
-147115664381.6253  16951319015.280752
-146924167317.3138  17589695521.44233
-146723946920.51288  18225749352.753334
-146514916222.88327  18859516512.65902
-146296960383.28128  19491028459.108017
-146069988766.29175  20120326641.736977
-145833923865.98724  20747458817.01949
-145588694519.29584  21372475636.52706
-145334243496.14783  21995425957.233246
-145070377442.37122  22616330819.305832
-144796898664.75958  23235204572.42229
-144513788916.95053  23852078649.485435
-144221031913.80862  24466987757.218567
-143918613071.22885  25079969529.253838
-143606520106.8684  25691064664.677402
-143299346875.58267  26272589495.117867
-142981948766.54147  26852040434.615566
-142446059536.3925  27785842739.189194
-141882986946.9415  28714483042.63732
-141292773804.16614  29638228026.813404
-140694018509.816  30530381559.993618
-140069795392.32184  31418429373.986492
-139319396870.06635  32436217228.753616
-138534963866.1472  33449090131.782856
-137738324208.1345  34430744985.02204
-136907979880.98332  35407738150.14513
-136064894639.0192  36353323473.13101
-135187236463.1697  37293762579.027596
-134301170456.70612  38203101703.14191
-133382719653.43202  39107457964.35486
-132459743954.19185  39981143049.072105
-131506855244.99588  40850007278.87829
-130553751709.2367  41688634205.76603
-129573147676.07823  42522557882.91189
-128596263882.1426  43326621366.55653
-127594095735.5971  44126060306.56765
-126599440935.15509  44895998276.81607
-125581631511.63779  45661372201.88919
-124540942453.90056  46422069607.06608
-123512297253.83836  47153662946.90396
 
Jupiter: 
-778569870777.697  402794388.27624047
-778568562272.0448  1309852799.5353088
-778566361359.9879  1870551528.3284335
-778562665370.1981  2432539297.8630557
-778557497377.4275  2994506285.9411693
-778549470706.8564  3660994948.086845
-778539397518.8456  4327447165.800032
-778527287587.8141  4993860517.254345
-778513148264.3439  5660233007.901538
-778496986565.4707  6326562773.744693
-778478807234.6592  6992848144.667421
-778458610450.5857  7659088106.778849
-778436400832.6144  8325284141.09066
-778412174634.6791  8991438650.3398
-778385934453.3933  9657554215.745028
-778357629785.0543  10323631927.427141
-778327218269.3591  10989671320.876245
-778294698019.5012  11655671592.496359
-778237512776.1149  12726395661.87639
-778174158047.1992  13796992689.13124
-778092196229.8713  15050214774.175327
-778001775341.3824  16303256170.300842
-777902493409.2731  17556086255.5248
-777794097873.3558  18808672817.09783
-777676520481.4971  20060988211.437557
-777549774825.5061  21313005847.175327
 
Planet336: 
-30392368406.63432  -25050308624.939327
-30682268741.06609  -24770897596.12357
-30978169128.715374  -24483566656.208202
-31272802521.84374  -24195305568.443096
-31566165111.984413  -23906130530.59465
-31858253626.00576  -23616057644.742245
-32149065780.217144  -23325102588.38811
-32438598886.986195  -23033281092.87261
-32726849882.728912  -22740605705.895744
-33013816490.55862  -22447091903.465923
-33646144882.73573  -21792720770.859028
-34272075111.118584  -21134425009.559273
-34898228828.620094  -20464932761.16575
-35517683780.717636  -19791632685.710342
-36130020973.13283  -19113683581.80337
-36734008267.189606  -18428502917.34826
-37327136402.01604  -17737099673.79507
-38012169362.81278  -16911663521.900965
-38362825277.21283  -16477359971.194862
-38714333631.8322  -16033606103.742126
-39113410861.629395  -15518620750.109583
-39464690171.91933  -15055401208.591837
-39810329585.05084  -14590339903.47069
-40150351476.534004  -14123488914.026148
-40484777476.43869  -13654904171.785358
-40813629959.48167  -13184643701.763968
-41136937391.46572  -12712757666.318851
-41454729572.35409  -12239293574.871763
-41767035092.66081  -11764300267.26487
-42073881555.02499  -11287827807.09432
-42375295868.74563  -10809927474.518713
-42671304485.317375  -10330651694.548779
-42961933609.966835  -9850053947.324108
-43247209398.288895  -9368188670.985008
-43527158136.61936  -8885111155.564941
-43847067631.57476  -8320063323.385258
-44159805453.716736  -7753531666.259997
-44465415633.70655  -7185606996.5131445
-44763943565.6941  -6616380680.372389
-45055436238.50944  -6045944321.5402355
-45380018853.916794  -5392652773.818895
-45695552541.2916  -4738036186.065395
-46002117278.07571  -4082228975.622807
-46299797302.80983  -3425363300.2048607
-46588680635.69229  -2767561655.9514837
-46868854412.96427  -2108916117.3814662
-47140403987.183914  -1449510830.2680879
-47403406255.08995  -789434522.8443443
-47657932969.34703  -128768681.36194803
-47904048328.085526  532406445.0966427
-48141807899.70402  1194007332.9989061
-48371264641.2855  1855948232.7440505
-48592471619.34965  2518143835.1588473
-48805482137.86785  3180509745.512317
-49010349564.90652  3842962981.335409
-49207126940.01266  4505422721.01057
-49395867184.59234  5167809411.371677
-49576623370.7185  5830044132.004792
-49749448730.46964  6492048599.952538
-49914396653.248634  7153745178.497091
-50071520681.642296  7815056873.229499
-50220874508.82101  8475907314.031853
-50362511981.38247  9136220721.508339
-50496488042.340385  9795922230.802464
-50622860397.64371  10454938672.405827
-50741687322.045006  11113197877.714949
-50853027240.71127  11770628475.525496
-50956938858.84498  12427159933.301111
-51053482351.96925  13082723898.010328
-51142718849.40004  13737253884.314425
-51224708000.24114  14390682379.47696
-51299445404.88286  15042861251.931421
-51374897543.5011  15774946496.927782
-51441303401.879974  16505247133.290056
-51498753525.79122  17233691050.14801
-51547335631.99509  17960211423.76258
-51587132505.90343  18684748057.095474
-51618217871.20926  19407250520.605194
-51640645573.591255  20127685417.469997
-51654435244.45395  20846037220.727425
-51659601485.69832  21562281928.77365
-51656158265.52788  22276393039.30887
-51644118358.07823  22988343232.35149
-51623493338.30961  23698104382.70948
-51594287296.3125  24405643198.136543
-51556493229.79473  25110918292.723972
-51510118667.42085  25813898616.76715
-51455171428.24841  26514553149.685852
-51391658981.271675  27212850335.70782
-51319588845.36415  27908758170.76752
-51238969030.337814  28602244254.697548
-51149808822.6801  29293275877.342506
-51052119643.92408  29981820022.60785
-50945916764.368546  30667843355.13485
-50831222129.57223  31351311950.346706
-50708071768.606155  32032190014.413868
-50576531252.76713  32710434686.822308
-50436656154.768936  33385987651.68648
-50288402167.66259  34058765390.21756
-50131846281.172554  34728715614.44638
-49967077975.97719  35395790680.83505
-49794185687.26338  36059944207.8502
-49613256826.43456  36721131048.82231
-49424377801.9995  37379307265.25531
-49227634039.7717  38034430100.56396
-49023110017.02155  38686457865.649704
-48810889373.06139  39335349294.78121
-48591054833.42274  39981063935.239265
-48363688164.65584  40623562467.39378
-48128870192.18813  41262806678.09816
-47886680818.37925  41898759433.57526
-47637199040.59105  42531384653.3202
-47380502969.39563  43160647284.936226
-47116390503.51879  43786059414.87561
-46844588666.49586  44407023105.22259
-46565172390.055786  45023509463.12578
-46278215356.00519  45635489803.982346
-45983790041.39399  46242935652.21874
-45476678139.81582  47245191402.34315
-44949341640.96992  48234639406.46137
-44402095221.21337  49211146812.23761
-43835245454.98199  50174579611.900566
-43249091124.91025  51124802323.86534
-42643923345.904144  52061676969.13656
-42020025438.93642  52985061448.95139
-41377672154.25298  53894806395.990364
-40717126865.92642  54790747826.775635
-40038627485.897575  55672679722.26724
-39342382001.94248  56540320882.76549
-38628636446.72325  57393368338.95923
-37798830939.993866  58342104352.11467
-36946933409.9147  59271138853.61778
-36073382591.31545  60180055070.42635
-35178737678.0796  61068464538.31241
-34263658843.591694  61936010096.24891
-33328996048.52571  62782270406.65461
-32376043101.15479  63603033607.6927
-31348340801.406937  64442347004.67603
-30302529198.558258  65251409366.013176
-29239631952.549595  66030644443.23857
-28160401597.329693  66780457408.63703
-27065460985.136005  67501217097.70646
-25955388120.330273  68193277146.84762
-24830401149.55677  68856831491.94304
-23690888889.712334  69492150381.70573
-22537354518.51277  70099560017.35742
-21370276793.955154  70679380683.72775
-20190111205.565506  71231927161.81808
-18997293375.244156  71757507526.45189
-17792276229.380913  72256396961.85248
-16575520199.01495  72728843077.32104
-15347459630.170132  73175089744.52614
-14108468963.37546  73595364390.07748
-12858885247.850391  73989884734.15419
-11599070424.864378  74358881540.64903
-10329366663.531523  74702581342.0565
-9050100755.61341  75021202359.05371
-7761608732.718298  75314921802.686
-6464219988.780044  75583896246.71071
-5158234197.03201  75828284874.29688
-3917158864.929147  76036665161.45335
-2668885825.478842  76223384354.16325
-1413646011.1739504  76388531935.50136
-151664745.76807082  76532186818.40324
 
Planet619: 
-16624682221.669441  -32160918343.331448
-16984670833.548561  -32368415640.473465
-17344221226.04772  -32574948755.67747
-17703336270.65004  -32780535915.693623
-18062018675.845608  -32985194963.814556
-18420271008.476315  -33188943383.37922
-18778095715.001743  -33391798317.829597
-19135495201.81973  -33593776543.593372
-19492471837.674477  -33794894495.96984
-19849027830.14883  -33995168385.578735
-20205165477.16579  -34194613340.717804
-20560887020.01914  -34393244265.67386
-20916194550.35885  -34591076537.3498
-21716989887.81527  -35034935175.32542
-22515707599.899506  -35474963729.07794
-23312326231.122265  -35911235258.734184
-24118187270.739594  -36350023253.88275
-24921925029.322254  -36785227387.463135
-25723557185.29447  -37216901858.55609
-26534191457.736576  -37650067883.79485
-27342458747.77239  -38078450943.1343
-28144755067.09555  -38502294367.752144
-28949675470.154613  -38927583896.72353
-29898349641.054264  -39428754732.37906
-30395489847.778183  -39691306319.47228
-30975244922.039738  -39997383938.674515
-31508269897.94608  -40278663057.718285
-32037996803.72051  -40558069559.01836
-32564517313.526604  -40835638526.25457
-33087917770.461224  -41111404597.378365
-33608279651.80549  -41385401943.71115
-34125679985.883465  -41657664254.633385
-34640192850.7493  -41928224746.81955
-35151891079.97034  -42197116054.49414
-35660844221.94229  -42464370042.79039
-36167118477.49817  -42730017802.31149
-36670776940.8255  -42994089657.15965
-37171879817.42459  -43256615192.5849
-37670484623.34667  -43517623276.56879
-38166646367.27529  -43777142079.056564
-38660417717.08682  -44035199091.51128
-39249858946.408806  -44342975678.83009
-39836013951.75197  -44648731049.67
-40418962163.122665  -44952509075.081955
-40998779367.59433  -45254352385.97493
-41575537972.65368  -45554302434.23069
-42149307245.32596  -45852399539.41479
-42720153529.47131  -46148682925.52489
-43288140446.19931  -46443190775.81221
-43947259283.20599  -46784588750.0044
-44602662187.074  -47123678031.98342
-45254438040.60586  -47460514405.18773
-45902671973.524284  -47795152115.0063
-46547445733.35688  -48127643996.844604
-47188841298.61417  -48458041413.64368
-47826941560.793076  -48786394093.19865
-48461825366.58097  -49112749765.91626
-49093565222.52337  -49437152424.04167
-49722231478.75057  -49759643989.91645
-50347890906.88268  -50080263780.16131
-50970606197.68621  -50399048211.69228
-51590436661.332085  -50716031658.89974
-52207439196.65683  -51031247318.05572
-52821668615.07353  -51344727412.05038
-53433177784.745735  -51656503233.26545
-54042017815.05919  -51966605186.693756
-54648238281.52083  -52275062828.75316
-55251887149.96861  -52581904879.67758
-55853010725.143105  -52887159248.8324
-56451653729.54526  -53190853065.86366
-57047859380.997574  -53493012710.024155
-57641669465.0108  -53793663837.91224
-58233124402.319626  -54092831409.69873
-58822263311.90341  -54390539713.90745
-59409124069.76007  -54686812390.804504
-60077079592.32134  -55023681389.141685
-60742161017.53389  -55358739264.38122
-61404420163.27647  -55692019036.52526
-62063907099.18014  -56023552759.65805
-62720670232.355934  -56353371561.4974
-63374756651.44545  -56681505857.29494
-64026212305.61421  -57007985444.84688
-64675081727.18221  -57332839297.49227
-65321399484.923904  -57656081487.413414
-65965196880.17924  -57977722160.0533
-66606515848.6857  -58297789558.94573
-67245397542.39598  -58616311288.56147
-67881882482.79688  -58933314340.15133
-68516010719.46657  -59248825111.11949
-69147822169.64795  -59562869450.07796
-69777357222.02464  -59875472742.551476
-70404658048.64192  -60186659979.40189
-71029769134.44283  -60496455139.869156
-71652732100.04645  -60804880613.13155
-72273586825.86003  -61111958109.854294
-72892371949.51315  -61417708814.862144
-73509124940.99498  -61722153449.34164
-74123882123.26677  -62025312231.19199
-74736671433.09552  -62327202336.592735
-75347517854.65851  -62627839799.69543
-75956454838.84283  -62927243528.32254
-76563514889.16151  -63225432049.04344
-77168729594.27312  -63522423517.28608
-77772129668.12358  -63818235748.11333
-78373744979.1573  -64112886234.708115
-78973604577.05598  -64406392177.11153
-79571736712.80356  -64698770513.44523
-80168168844.43268  -64990037942.79689
-80762927624.75822  -65280210973.97101
-81356038842.49696  -65569305970.097595
-81947527200.2311  -65857339242.47027
-82537415628.59772  -66144327097.6997
-83199150483.5672  -66465957325.230385
-83858853409.83046  -66786275759.360016
-84516531330.66449  -67105293696.47004
-85172212301.58078  -67423033010.19919
-85825923702.53265  -67739515028.3911
-86477692262.27281  -68054760551.98803
-87127544081.59502  -68368789873.0214
-87775504655.51248  -68681622791.7487
-88421598892.96902  -68993278631.14726
-89065851092.37195  -69303776196.47728
-89708284957.95995  -69613133788.29349
-90348923671.66978  -69921369284.68495
-90987789913.32745  -70228500157.71744
-91624905877.09084  -70534543485.56429
-92260293287.14006  -70839515964.11914
-92893973412.64879  -71143433918.11687
-93525876621.03937  -71446252491.34573
-94155667565.69292  -71747747680.38484
-94783343478.64322  -72047918499.79599
-95408937194.75266  -72346787865.9842
-96032480652.21948  -72644378084.14139
-96860736217.40979  -73039212694.75485
-97891115910.23431  -73529687959.03093
-98916131448.48488  -74016841324.38045
-99935910608.28494  -74500762090.0098
-100950575582.27028  -74981535638.15717
-101960243239.48431  -75459243589.9045
-102965025320.53656  -75933963897.76317
-103965028556.78722  -76405770854.81874
-104960354628.27525  -76874734896.23633
-105951099604.48232  -77340921617.51486
-106937351781.50482  -77804388629.43597
-107919186944.72281  -78265184653.75888
-109091654584.50371  -78814676462.29955
-110257963823.55626  -79360448119.21481
-111418220343.8303  -79902567759.07121
-112572519084.73515  -80441100773.17264
-113720941615.98967  -80976106381.99107
-114863541353.13864  -81507626090.58342
-116063085211.15396  -82064587983.22461
-117255830420.98451  -82617244496.55115
-118441816609.677  -83165668372.00636
-119621099714.31026  -83709942847.01036
-120793764211.81442  -84250162477.5897
-121959899601.1166  -84786421725.84555
-123119558015.88568  -85318795669.9534
-124272706005.97672  -85847317197.13385
-125419417647.52998  -86372068166.48163
-126619619119.38364  -86920456414.13797
-127812873105.49915  -87464854918.4155
-128999271113.58952  -88005356012.76907
-130178902393.87697  -88542047006.02017
-131351853768.79755  -89075009788.76775
-132518209904.92981  -89604323861.40729
-133678043756.8221  -90130060930.16444
-134831430187.17532  -90652292933.46658
-135978448535.59668  -91171093542.81458
-137176049111.36743  -91712219623.95468
-138366802255.57605  -92249720542.97275
-139550794193.8448  -92783670252.7146
-140728114217.90753  -93314139659.1693
-141898852158.74573  -93841197451.8348
-143063095131.5433  -94364909462.55133
-144220927089.14108  -94885337732.26033
 
Planet646: 
24764077971.056526  1501976390.4109476
25154034139.7579  1401790599.3726692
25547460895.54745  1299075981.195279
25944196876.53161  1193834039.0576048
26336133443.74561  1088224963.6483886
26731256953.282352  980104647.3138698
27121649204.591366  871644977.5862622
27515100413.918823  760685056.0562024
28392779983.130455  507141889.6334066
29268924095.628777  246032748.36931354
30142130487.80902  -21614284.120799407
31010680937.49799  -295219252.66668224
31875326082.896507  -574932075.0034981
32733841832.634193  -872916067.9117267
33256668226.251457  -1067768052.2237188
33791734089.97233  -1279037121.1827145
34307367468.854816  -1495436715.6627266
34858486325.1493  -1741514756.8620522
35386765330.49607  -1993322670.4727972
35892340663.809944  -2250638120.903412
36422532221.67502  -2539806599.913583
36925891448.64718  -2835120872.520226
37402799095.16561  -3136302327.074976
37893372719.16587  -3471244794.463152
38353505030.00718  -3812549928.662784
38818282114.30208  -4189188419.3843136
39248691443.56877  -4572763718.237239
39732201901.10623  -5054154055.859188
40165683090.59258  -5545675328.795182
40572514958.81661  -6079029782.532817
40944591039.049515  -6656556025.260021
41258271540.46589  -7248089561.551656
41515809521.49679  -7854883737.063249
41719439574.87841  -8478298843.223232
41871339609.89136  -9119707987.251848
41973669506.67242  -9780488837.405714
42028585801.501114  -10462018707.339037
42038896798.358864  -11125969666.97805
42010817923.536934  -11810775007.235708
41951162753.531845  -12475325484.699383
41861155993.09053  -13160185249.580101
41750950667.598595  -13821411518.510418
41617498957.40277  -14501817575.205961
41473660867.790825  -15154656432.250063
41312959281.45631  -15825077939.454145
41150307284.16337  -16463649971.89867
40976567758.59549  -17117918363.836363
40793773280.87994  -17788149865.812176
40618767187.74695  -18421190544.733246
40439404916.598724  -19068151848.65045
40257150402.04356  -19729181463.247177
40072977256.635315  -20404572305.56299
39888389672.771935  -21094257292.35791
39720141228.68698  -21738872975.48808
39554016964.44626  -22395143836.917694
39391166813.14172  -23062798841.447063
39232711878.7089  -23741499574.1675
39079738258.44016  -24430839673.985474
38933289084.6385  -25130343653.629818
38806644721.694664  -25774613320.6995
38686880173.0158  -26426343944.105503
38575093710.42104  -27084233200.166893
38472434067.642944  -27746826206.17529
38379422613.516235  -28413616048.96582
38296546835.823586  -29084082207.962914
38224257315.12036  -29757695696.56356
38162965157.58863  -30433923645.25148
38113040040.06934  -31112233285.36541
38074808960.85947  -31792095427.146732
38048555693.773544  -32472987665.36983
38034521011.331635  -33154396516.982296
38032903593.14551  -33835819329.4668
38043861489.667114  -34516766010.06776
38067514033.14849  -35196760481.519104
38103944081.31392  -35875341895.26641
38152352022.08245  -36551713437.860146
38211289966.47741  -37224797197.08511
38280759174.650536  -37894115250.465
38360761527.95657  -38559219499.284035
38451278325.57042  -39219682890.734
38629174581.823166  -40330683711.425766
38837058667.52304  -41425266947.5377
39074538692.37302  -42501773051.88174
39341138730.58484  -43558724238.1807
39636318195.75777  -44594817791.59587
39979355407.72776  -45667862958.66188
40353024500.97902  -46715091493.91612
40756537561.86292  -47735528619.71225
41189051794.18038  -48728398624.01432
41649619584.47447  -49693103404.568794
42249182846.7576  -50833202246.42338
42887369968.53743  -51929671184.0363
43593897966.08832  -53028664311.54116
44338492793.36834  -54078679364.19738
45118616323.29247  -55078898350.77623
45967063176.00582  -56068049648.31238
46847746033.71807  -57000629942.00365
47758101774.61444  -57875922831.351425
48735695830.142166  -58726202936.14672
49741178820.0371  -59513027002.599884
50773326515.302605  -60234312798.81757
51873039110.08285  -60914010371.43101
52997356976.7285  -61521268322.40364
54144120823.69535  -62055445285.21111
55356490336.71515  -62532124559.86366
56588477912.54009  -62928565140.309875
57837811385.18947  -63243893843.58423
59102215306.36626  -63477199312.85555
60379374170.36803  -63627621222.022644
61666952893.48414  -63694281806.32723
62962282095.9  -63676580172.479256
64261459042.501884  -63574975371.39412
65512402954.666756  -63398556851.11197
66760008067.049675  -63145660973.34253
 
Planet104: 
-46283481182.22114  -13639775723.381107
-46673465029.57544  -13750860267.849628
-47060922729.99852  -13861521608.476885
-47934480536.210075  -14112154569.877901
-48807224211.634094  -14364101905.488829
-49678478562.2246  -14617068198.678526
-50555742063.92916  -14869588161.186447
-51430650102.51164  -15120832543.789896
-51965791041.52494  -15275523883.851292
-52521833349.17465  -15437124620.136173
-53059261726.93276  -15594193317.094303
-53636107314.28682  -15763724063.063755
-54198265959.553505  -15929876269.070602
-54746094417.985245  -16092646361.260853
-55279967913.52683  -16252009033.40807
-55846907835.397896  -16421961050.256798
-56398188919.20878  -16587857166.895527
-56934297971.098885  -16749735277.679375
-57498507749.091225  -16920640773.09849
-58046036216.76879  -17087006509.843737
-58697812596.70714  -17285714658.420555
-59326073015.89458  -17477985200.708233
-59968804489.993935  -17675506930.38286
-60622568247.646904  -17877297394.25598
-61249798227.02206  -18071737844.71286
-61884029338.74861  -18269211472.859325
-62521659375.46328  -18468680250.918816
-63159026966.47187  -18669087633.90776
-63792417284.29518  -18869353938.93426
-64418057182.2003  -19068382769.9572
-65056863426.91826  -19273018087.252758
-65699830422.78428  -19480670543.107914
-66337319199.42072  -19688523133.56909
-66977732777.21392  -19899647080.012558
-67605063521.43494  -20108959468.99313
-68232506494.64763  -20320129400.2333
-68864919856.88014  -20533173984.08014
-69489042401.23386  -20739399736.007004
-70116819837.62796  -20928483560.74482
-69329805210.5643  -20627451597.357616
-68126942820.06587  -20218533458.81843
-66929486372.53162  -19805199059.64849
-65733739709.78554  -19376355335.73889
-64539602984.4189  -18942065398.527657
-63333082346.89793  -18503101865.82379
-62124516044.070786  -18066212417.919403
-60910514935.859764  -17631842616.12613
-59713717906.68047  -17208776810.385654
-58514330030.1882  -16790285362.339617
-57325459863.90963  -16381159386.432318
-56113855477.4358  -15970269595.986822
-54885003576.35583  -15559944735.057493
-53644313605.19266  -15152247158.14116
-52397175911.32328  -14749082560.676525
-51148977828.334694  -14352249626.861368
-49905058662.64466  -13963389515.546938
-48670700348.3426  -13583989194.90288
 
Planet401: 
27206550194.562275  17881020230.368114
27197028576.55443  16963997337.93746
27179289379.204224  16050330470.984041
27150552023.25611  15140375267.205317
27090910062.194576  14234067443.632744
27009705219.22064  13463838059.335093
26935405243.67328  12908374826.053696
26837747845.153633  12290789448.631147
26737707909.606613  11735012038.925396
26624204958.79131  11167356347.63418
26496986805.868843  10587987523.711416
26355815366.27046  9997096637.714672
26200509353.14061  9394890483.976868
26030841204.33335  8781599269.313671
25870379579.094467  8236070652.603265
25698484783.757774  7682414737.034994
25514908781.62088  7120796391.729276
25319386337.155315  6551361843.084548
25111652252.32821  5974219429.305352
24891473776.1266  5389412731.047515
24658710751.670803  4796887055.248788
24413426014.85633  4196460507.8007255
24193544323.071148  3675302650.391079
23965440831.38242  3147981846.148792
23690379521.485878  2525216418.0215683
23407611953.77369  1895776317.8733428
23118177983.85764  1262801261.146743
22821062736.90075  630018839.5141413
22513821138.981316  344050.4443933517
22194041803.31409  -624407998.5329509
21859958920.911777  -1243062951.4346278
21510325112.434032  -1854683053.3832262
21144334223.108917  -2458475088.007396
20761560820.18544  -3053684652.4361486
20361846042.336926  -3639604193.2599587
19945226775.91203  -4215572210.703929
19511887051.152817  -4780938424.169322
19062097488.22441  -5335036095.994249
18596193007.504524  -5877181818.320552
18114565540.717434  -6406681424.00884
17617663076.633183  -6922837584.713779
17105991656.819664  -7424959271.351826
16580098936.051779  -7912361234.09613
16040563704.104143  -8384363755.338367
15487992423.959616  -8840295388.62452
14923016171.019424  -9279495688.732279
14346287815.327518  -9701317896.302921
13758479410.331968  -10105131578.73375
13160279767.810286  -10490325214.426113
12552392204.473763  -10856308698.94926
11935533718.491663  -11202517344.973198
11310437097.389416  -11528419443.82839
10677845226.506063  -11833513913.700947
10038508053.92476  -12117330675.720018
9393180896.961641  -12379432310.337257
8742623530.543726  -12619416903.007702
8087602498.340212  -12836927418.604708
7428886596.124842  -13031647799.717161
6767243583.046426  -13203300801.60756
6103415669.2161255  -13351654177.133966
5438132487.655363  -13476521995.52637
4772151094.2184725  -13577770509.387049
4106221274.4486933  -13655321645.21554
3441081680.1359634  -13709155574.788006
2777455786.3621874  -13739317272.08593
2116046130.54697  -13745924127.914522
1457526123.2800064  -13729184035.949356
802526709.6538081  -13689424980.535471
58981331.896733865  -13616468829.240738
-678592629.457723  -13515265423.213717
-1409653686.9349682  -13386791286.189053
-2133712095.0146303  -13231899771.951235
-2850330107.2459345  -13051391609.727001
-3559114330.3537846  -12846020676.35861
-4259709937.1255827  -12616495138.456566
-4951740608.425577  -12363513782.277775
-5634805855.972464  -12087768482.229189
-6308638740.29137  -11789847103.417517
-6972996320.729053  -11470303178.536922
-7627654036.322182  -11129658975.329147
-8272402935.804809  -10768407958.687946
-8907047189.489126  -10387016135.858614
-9531401526.315811  -9985923428.22161
-10145288404.079504  -9565544909.887432
-10748534949.431236  -9126270809.138449
-11340967820.183006  -8668466780.057446
-11850333828.152245  -8252955455.622671
-12351144583.853935  -7823725591.303024
-12843224943.969719  -7380957982.762521
-13326324834.693396  -6924786972.129243
-13800122776.063093  -6455318584.09341
-14264125478.684298  -5972630576.295273
-14717999046.229532  -5476833050.95457
-15161427334.444477  -4968048032.584138
-15594075497.424295  -4446411596.824755
-16015588963.750011  -3912084919.5949087
-16425597506.417685  -3365266689.47187
-16823725283.470013  -2806203285.83046
-17209605185.827736  -2235192725.9874854
-17582893445.31664  -1652580324.2988062
-17943279954.53923  -1058746577.537003
-18290484093.761063  -454063352.831745
-18624243115.930813  161116419.03663725
-18944316024.804214  786424106.2398161
-19250485401.613586  1421477863.5333004
-19542557376.710125  2065887448.1095877
-19820360305.651638  2719258489.5957165
-20083742635.878284  3381195816.0516157
-20332570467.318024  4051305721.532605
-20566725203.70327  4729197277.458922
-20785936812.474  5414126504.924939
-20988131649.232635  6101514271.089526
-21172661578.815662  6790036809.4379015
-21339440693.59648  7479564238.101734
-21488400065.09685  8169952908.943618
-21619485187.92589  8861046920.467299
-21732653701.299526  9552679374.004866
-21863175176.172153  10541307841.919184
-21964326811.53682  11628998137.275345
-22020958560.561977  12716142310.104237
-22033015242.950348  13801915425.70225
-22000458461.808716  14885448388.244743
-21923262955.330738  15965830313.679317
-21801412037.56915  17042110260.285332
-21634890752.10754  18113297471.444115
-21423680814.086044  19178360535.37171
-21167752809.13182  20236224687.0382
-20867054497.95138  21285766472.541595
-20521488668.50656  22325803408.54335
-20130847789.271282  23355068540.79006
-19694656132.350174  24372150571.72476
-19212352579.793083  25375443820.80569
-18683528347.565098  26363154162.66603
-17998115807.892776  27507694336.87588
-17246590427.493816  28624615358.819885
-16428597812.600733  29710364593.00521
-15614699750.185314  30681426806.027477
-14744983529.69561  31619090342.442078
-13820539881.268677  32519859457.166534
-12843147778.403116  33380220311.756844
-11815496785.132809  34196820275.442017
-10742207609.182087  34966308252.14938
-9631038608.131096  35684698901.70448
-8486398353.233234  36350375994.21234
-7312422125.193152  36962681981.57023
-6113054617.400073  37521633318.06754
-4891816747.2310295  38027689694.40588
-3651453899.6984653  38481270148.13797
-2394193561.7592697  38882634390.49117
-1122140146.9430504  39232106904.14473
162700247.6259997  39530079831.01594
1458435489.1882992  39776994736.214806
2763571088.32687  39973251152.80018
4076505709.825905  40119330375.751175
5395610681.082021  40215766393.84301
6719336411.7274685  40263108185.5061
8046207371.075036  40261912892.38081
9374817026.717062  40212739837.09178
10703822808.047169  40116145251.25386
12031941141.362782  39972677583.11273
13357946147.713875  39782880704.697914
14680692710.769512  39547347509.03732
15999096105.669703  39266683152.70054
17312111892.972843  38941469919.648544
18618732225.870647  38572266058.48803
19917986905.957787  38159604756.419945
21209008455.077217  37703991680.318855
22384455756.996464  37249025144.362564
23551555478.002823  36758721075.5785
24709638298.915592  36233408552.303276
25858048475.030823  35673394697.7652
26996142094.6292  35078963403.79251
28123286115.859314  34450375650.16296
29238870825.843433  33787901797.540157
30342307547.555256  33091815896.030598
31433015512.153698  32362363910.479385
32510426253.841763  31599764136.587585
33573983221.03402  30804205612.374706
34623133324.414185  29975843448.942017
35657321761.79354  29114794997.73161
36675989209.52132  28221140497.834812
37678576497.86032  27294957863.767597
38664513154.511246  26336299428.968124
39545868912.3975  25436611854.061592
40412495305.934685  24510048058.48555
 
Planet207: 
59299661156.375694  5767931469.37739
59938869821.21319  5610568626.825305
60576487725.14691  5385498826.668619
61174901974.281555  5088102659.463913
61720857913.18078  4708084743.552603
62190654417.94361  4231748172.845423
62709504657.59723  3303994807.433676
62936969262.43116  2244944291.730865
62928926906.926384  1158136313.7031162
62727006985.63516  -87974009.47780651
62390887359.7463  -1326896375.9468684
61979694175.88222  -2521387195.8722534
61510489895.434906  -3705493693.621944
61008954740.480385  -4861127857.351499
60478378154.634895  -6004699555.648638
59918583334.30637  -7154867422.736386
59344796058.00953  -8294560161.687713
58761287337.653366  -9413792217.52647
58149623420.039795  -10542159779.04743
57509153521.53564  -11670647941.406324
56861926702.09704  -12750974860.421354
56184044588.24611  -13811840131.489632
55445825923.33821  -14878424186.303892
54665372485.84864  -15899548890.487576
53835686867.43592  -16861286156.27991
52915943902.982704  -17776509755.509117
51920465507.86621  -18589966621.460472
50832733863.19604  -19279124887.64751
 
Planet526: 
-4014273786.5968437  45318182883.24278
-2893773395.1784363  46059368779.57621
-1756158953.329912  46759702872.402374
-603710071.8120791  47419554843.32959
561360914.5433446  48039546159.53041
1736935638.9135065  48620549345.83652
2920990218.2245727  49163729368.00055
4111607176.7090435  49670598481.81652
5306752523.850485  50142630775.227455
6504010127.138866  50580798459.36207
7702096080.868714  50986767769.92117
8900004051.493994  51362221720.214386
10205666490.199675  51738850292.74566
11509343112.99795  52082862153.857056
12810409255.07161  52395694554.74373
14108350500.215761  52678404063.09401
15402713219.310905  52931956256.493614
16693095550.275772  53157266711.72494
17979141527.019173  53355202988.92438
19260825827.962395  53526433038.20317
20538127796.57306  53671588536.62384
21810819655.184834  53791380461.03732
23078702489.2897  53886477451.44329
24341602948.84227  53957507563.093376
25599370291.575943  54005059925.940704
26956007733.126038  54030720069.84425
28306324486.55471  54030127440.29326
29650198930.736115  54003890404.13135
30987534710.14184  53952590961.84694
32318254621.309845  53876778312.90762
33642293512.473644  53776959133.17133
34959595812.92334  53653599293.135376
36270153407.51439  53507111158.50389
37574065032.74729  53337831890.253204
38871311876.7184  53146104953.77491
40161865537.68953  52932243243.55987
41445696942.56249  52696526997.60034
42722774449.96908  52439205842.03638
43993062531.63066  52160503783.58788
45256522269.27845  51860636522.039024
46513108964.88597  51539802962.40441
47762780341.44677  51198178845.35831
49005505251.438835  50835916856.89683
50241253039.68429  50453152254.6584
51469990325.01154  50050006839.02231
52691680109.69189  49626598617.76232
53906279818.96187  49183051266.4579
55113750569.297874  48719479250.6386
56314061503.95649  48235984916.001
 
Planet569: 
-35730441937.14418  23532227895.733883
-34467029536.971466  23357776724.94021
-33215922545.16797  23175894469.52108
-31906501062.157932  22975003187.682858
-30618955549.81789  22766822616.726955
-29361519893.591766  22553450935.87664
-28053486420.239254  22321033899.774815
-26785157610.940655  22085532309.52961
-25468781493.416676  21830588466.75883
-24201563256.922558  21575004900.804916
-22889241379.51952  21299734382.361126
-21636050589.589024  21026692466.098015
-20340854806.11819  20733893698.49491
-19114965714.952255  20446650999.87755
-17850339094.28025  20139802978.59734
-16604352232.268276  19826496630.683956
-15383001017.13894  19491356391.385838
-14179050129.11077  19128142489.17862
-12946467834.225227  18727186831.02558
-11699684982.639158  18294853010.14392
-10452622656.81284  17837735523.57566
-9218884800.145834  17362695491.10326
-8011817037.467293  16876909734.157162
-6844539729.639161  16387906854.745422
-5615591262.818456  15852922834.455744
-4441423947.296024  15322524613.01072
-3266627936.3842587  14749536140.71988
-2137701833.2437937  14146701155.224133
-1042693490.9194112  13523005752.302877
70639927.63247587  12855038177.593952
1184312166.7844212  12156015420.553566
2280718840.1372275  11439536895.897392
3347131185.895753  10714948116.342
4413774386.318932  9925809837.425179
5437073939.453705  9112199096.759893
6418677056.54119  8291384532.803586
7415908285.047977  7422436320.788169
 
Planet300: 
89306268070.01602  15107772050.759539
88061933647.95337  14780460902.11277
86800891432.1027  14431879320.65552
85523181024.86194  14061328590.635813
84315655763.03027  13695057407.949768
83093695768.6429  13308515542.189278
81857341833.6958  12901186629.382107
80606628586.13983  12472580843.639826
79341583428.3624  12022239798.34887
78154071708.91466  11584234097.282288
76954187629.75867  11126814962.160522
75741878356.91068  10649710793.425676
74517152525.86194  10153074233.082258
73279937788.77254  9636931994.777569
72030029308.1848  9101083156.088888
70864754752.94286  8588818115.15311
69688123392.71669  8059514050.533238
68499756997.25217  7513087415.191512
67299189227.121475  6949474376.435325
66085863050.60993  6368627972.950732
64859112190.951485  5770514149.042166
63722168364.09846  5207066548.364107
62572711898.15706  4629129723.803314
61410017143.36841  4036755974.2561536
60233205562.18591  3430011268.122608
59041230662.189964  2808967010.198549
57832870038.9313  2173687361.083359
56718958206.93917  1583848880.2015598
55589131938.549164  982314120.0446174
54442024888.44891  369102953.9408572
53276096693.42294  -255769572.38148516
 
Planet502: 
81613340920.18686  35856202948.318436
80744159946.80792  34911029075.13378
79910376155.78493  33963389518.265404
79088516161.12221  32999339058.56476
78267399538.81331  32009946474.043594
77459216594.48734  31012173072.89637
 
Sun: 
12288036757.619843  1823136442.1734035
13034683823.747635  779253373.5798545
13793984623.92061  -243172388.25060457
14570247141.859037  -1235422549.48103
 
Planet214: 
99595126308.6264  -21064780527.924038
100064101326.2402  -19818140811.175426
100510433599.03078  -18568555807.19938
